Individu	Nœud	Taille	Diametre	Feuille
3	0	54	5,3	0
3	1	65	3,04	0
3	2	55	2,91	2
3	3	8	1,65	2
3	4	0	0	2
4	0	49	3,57	0
4	1	68	2,84	4
4	2	38	1,89	5
4	3	14	1,61	2
4	4	0	0	2
5	0	47	4,65	0
5	1	75	3,87	6
5	2	54	2,4	2
5	3	18	1,6	2
5	4	0	0	2
6	0	57	3,59	0
6	1	52	2,9	0
6	2	26	1,97	2
6	3	21	1,88	2
6	4	4	1,22	2
6	5	0	0	2
7	0	33	2,4	0
7	1	44	1,5	0
7	2	5	1,24	0
7	3	0	0	2
8	0	40	3,24	0
8	1	51	2,47	0
9	0	46	4,34	0
9	1	75	2,96	0
9	2	42	2,27	1
9	3	28	1,97	2
9	4	2	0,57	2
9	5	0	0	2
10	0	64	3,39	0
10	1	80	2,6	0
10	2	30	1,85	0
10	3	4	1,48	2
10	4	0	0	2
1	0	45	3,51	0
1	1	76	2,24	0
1	2	66	1,72	4
1	3	25	0,8	2
1	4	0	0	2
