ID	Length	D1	D2	Mass	Dmean	Vcyl	Vwater
120	8	0,68	0,76	0,0128	0,72	3,25675E-08	NA
135	10,1	0,83	0,69	0,026	0,76	4,58119E-08	NA
130	10	0,76	0,72	0,0273	0,74	4,30025E-08	NA
132	9,2	0,8	0,74	0,0319	0,77	4,28351E-08	NA
103	6,2	1,13	1,1	0,032	1,115	6,05301E-08	NA
131	9,8	1,05	1,02	0,0352	1,035	8,24398E-08	NA
127	5,7	1,47	1,27	0,0384	1,37	8,40129E-08	NA
121	9,2	1,2	1,23	0,0399	1,215	1,06652E-07	NA
136	7,1	1,04	1,23	0,0415	1,135	7,18257E-08	NA
133	8,5	1,27	1,19	0,0452	1,23	1,00986E-07	NA
128	6,6	1,49	1,52	0,0496	1,505	1,17394E-07	NA
124	6,1	1,67	1,6	0,0499	1,635	1,28055E-07	NA
138	10,6	0,78	1,02	0,053	0,9	6,7425E-08	NA
139	10,4	1,21	1,27	0,0583	1,24	1,25576E-07	NA
114	8,3	1,46	1,93	0,0627	1,695	1,87261E-07	NA
116	7,8	1,18	1,37	0,0633	1,275	9,95738E-08	NA
140	9,3	1,44	1,12	0,0704	1,28	1,19656E-07	NA
126	8,1	1,4	1,36	0,0724	1,38	1,21136E-07	NA
118	8,8	1,67	1,47	0,081	1,57	1,70338E-07	NA
129	5	1,95	1,94	0,0828	1,945	1,48539E-07	NA
134	10,2	1,79	1,42	0,0846	1,605	2,06339E-07	NA
96	10,4	1,73	1,56	0,0884	1,645	2,21001E-07	NA
113	12,5	1,22	1,75	0,0895	1,485	2,16468E-07	NA
137	9,4	1,54	1,47	0,1035	1,505	1,67198E-07	NA
100	11	1,46	1,34	0,1063	1,4	1,69309E-07	NA
141	6,8	2,36	1,79	0,108	2,075	2,29919E-07	NA
101	8,4	1,9	2,01	0,1094	1,955	2,52117E-07	NA
122	8,5	1,73	1,18	0,115	1,455	1,41311E-07	NA
112	11	1,58	1,57	0,1244	1,575	2,14281E-07	NA
123	13,2	1,5	1,63	0,133	1,565	2,53882E-07	NA
99	12,5	1,61	1,73	0,1366	1,67	2,73762E-07	NA
106	10,7	1,75	1,95	0,1372	1,85	2,87579E-07	NA
110	10,3	2,12	1,94	0,1372	2,03	3,33318E-07	NA
105	10	2	2,35	0,1532	2,175	3,71491E-07	NA
97	12,8	1,95	1,42	0,157	1,685	2,85391E-07	NA
117	10,2	1,74	2,2	0,1634	1,97	3,10858E-07	NA
119	12,6	1,94	2,11	0,1752	2,025	4,05743E-07	NA
94	12,6	1,93	1,66	0,1957	1,795	3,18808E-07	NA
102	15,8	2,27	1,8	0,2082	2,035	5,13826E-07	NA
125	8,3	2,25	2,6	0,2492	2,425	3,83294E-07	NA
115	11,6	1,55	2,2	0,2555	1,875	3,20251E-07	NA
95	12,9	2,5	2,11	0,4087	2,305	5,38222E-07	NA
104	14,6	2,37	2,4	0,4655	2,385	6,52168E-07	NA
111	16,6	2,47	2,69	0,5006	2,58	8,67716E-07	NA
98	17,6	2,5	2,74	0,543	2,62	9,48736E-07	NA
107	12,1	2,93	2,93	0,6748	2,93	8,15738E-07	NA
108	13,5	2,64	3,26	0,679	2,95	9,22588E-07	NA
2	9	3,85	4,16	0,8	4,005	1,13365E-06	NA
109	14,4	3,57	3,66	0,8415	3,615	1,47778E-06	NA
5	7,4	4,65	5,12	0,9	4,885	1,38673E-06	NA
12	6,3	5,5	6,75	0,9	6,125	1,85602E-06	NA
15	7	5,8	4,82	0,9	5,31	1,54995E-06	NA
6	6	6,26	5,78	1	6,02	1,70755E-06	NA
8	7,3	5,83	5,78	1	5,805	1,93178E-06	NA
7	6,5	5,89	5,3	1,3	5,595	1,59788E-06	NA
9	8,8	5,86	6,44	1,3	6,15	2,61374E-06	NA
3	15,2	4,94	4,84	1,4	4,89	2,85425E-06	NA
13	9	6,39	5,72	1,4	6,055	2,5912E-06	NA
4	10,9	5,11	4,94	1,5	5,025	2,16137E-06	NA
14	7	6,34	5,54	1,5	5,94	1,93955E-06	NA
10	11,5	3,78	5,5	1,6	4,64	1,9443E-06	NA
11	11,9	5,06	5,11	1,7	5,085	2,41635E-06	NA
27	13,5	5,72	5,88	1,8	5,8	3,56632E-06	NA
24	5,7	9,13	7,03	1,9	8,08	2,92232E-06	NA
17	7,5	5,94	5,76	2	5,85	2,01559E-06	NA
19	11,5	5,36	6,3	2,1	5,83	3,06948E-06	NA
40	7,6	6,89	7,3	2,1	7,095	3,00434E-06	NA
22	10,7	5,73	8,08	2,2	6,905	4,00628E-06	NA
29	7,2	8,86	6,19	2,2	7,525	3,20166E-06	NA
45	7	6,91	7,7	2,2	7,305	2,93338E-06	NA
16	12,6	7,07	5,43	2,4	6,25	3,8651E-06	NA
23	12,9	5,58	6,86	2,4	6,22	3,91923E-06	NA
1	8,2	5,85	8,1	2,7	6,975	3,1328E-06	NA
41	9,3	7,04	7,57	2,8	7,305	3,89721E-06	NA
26	8,4	9,55	7,37	3	8,46	4,72117E-06	NA
50	6	8,43	12,25	3,2	10,34	5,03759E-06	NA
32	7,3	7,52	10,48	3,3	9	4,64342E-06	NA
43	9	8,99	6,94	3,3	7,965	4,48378E-06	NA
35	10,1	7,7	8,19	3,4	7,945	5,00656E-06	NA
21	18,4	5,54	5,97	3,5	5,755	4,78562E-06	NA
33	8,2	8,8	6,9	3,5	7,85	3,96811E-06	NA
25	13,3	8,44	6,24	3,7	7,34	5,62696E-06	NA
55	7,4	10,7	9,73	3,7	10,215	6,06371E-06	3,43541E-06
30	10	7,93	8,73	3,9	8,33	5,44904E-06	NA
62	4,6	10,24	13,93	4	12,085	5,27571E-06	2,86284E-06
46	7,1	12,96	10,2	4,1	11,58	7,47662E-06	NA
47	11,7	8,98	8,56	4,1	8,77	7,06667E-06	2,29027E-06
18	18,2	6,28	6,76	4,5	6,52	6,0757E-06	2,86284E-06
36	10,4	8,55	8,39	4,5	8,47	5,85909E-06	2,29027E-06
51	8,6	9,04	10,56	4,5	9,8	6,48606E-06	NA
31	9,4	9,45	8,41	4,6	8,93	5,88655E-06	NA
37	11	7,17	7,9	4,6	7,535	4,90444E-06	NA
20	28,8	5,61	5,97	5,2	5,79	7,58193E-06	3,43541E-06
34	13,3	7,66	8,22	5,2	7,94	6,5845E-06	3,43541E-06
42	13,8	7,4	8,2	5,2	7,8	6,59323E-06	3,43541E-06
44	12,4	7,15	6,8	5,2	6,975	4,7374E-06	3,14912E-06
38	12,2	8,27	7,98	5,3	8,125	6,32465E-06	2,29027E-06
53	12,3	10,88	10,8	6,1	10,84	1,13499E-05	4,58054E-06
49	12,1	9,66	11,85	6,2	10,755	1,0991E-05	4,00797E-06
58	11	10,18	11,78	6,5	10,98	1,04142E-05	6,29824E-06
28	20,6	7,54	8,05	6,8	7,795	9,82946E-06	4,00797E-06
57	9,3	11,86	12,16	7	12,01	1,05341E-05	5,72568E-06
39	12,4	8,6	9,67	7,7	9,135	8,12585E-06	4,00797E-06
59	11,2	10,18	11,3	7,8	10,74	1,01451E-05	5,43939E-06
60	11,4	10,46	12,2	8,4	11,33	1,1492E-05	5,15311E-06
52	14,5	10,67	12,7	9,3	11,685	1,55473E-05	5,72568E-07
65	6,9	24,36	12,89	10,2	18,625	1,87963E-05	7,44338E-06
48	12,8	11,85	9,04	10,6	10,445	1,09662E-05	6,87081E-06
54	14,3	14,84	12,65	10,9	13,745	2,12156E-05	9,16108E-06
61	13,1	9,88	12	12,5	10,94	1,23122E-05	8,01595E-06
56	15,7	10,99	12,04	13,4	11,515	1,63477E-05	6,87081E-06
67	9,4	14,14	18,04	13,7	16,09	1,91104E-05	0,000013635
74	7,2	22,9	19,4	14,5	21,15	2,5292E-05	0,00001818
66	10,5	17,23	15,9	16	16,565	2,26257E-05	0,000022725
69	12,5	16,8	11,64	16,5	14,22	1,9849E-05	0,00001818
68	14,2	16,77	16,7	18,4	16,735	3,12298E-05	2,04525E-05
63	17,1	15,75	10,54	19,4	13,145	2,32032E-05	2,04525E-05
70	15,9	18,6	12,14	19,9	15,37	2,94968E-05	0,000022725
72	12,9	19,4	13,65	20,4	16,525	2,76632E-05	0,00002727
73	11,5	22,15	17,46	27,5	19,805	3,54224E-05	0,000031815
64	17,6	18,8	13,03	29,5	15,915	3,50071E-05	3,40875E-05
71	17,6	16,5	13,86	30,9	15,18	3,18483E-05	0,000040905
82	7,6	36,67	26,02	32,6	31,345	5,86381E-05	0,00005454
79	9,1	28,18	31,8	34,5	29,99	6,42724E-05	0,000059085
83	8	31,24	19,92	34,7	25,58	4,11075E-05	4,31775E-05
75	10,9	28,8	19,8	39,5	24,3	5,05439E-05	0,00004545
80	10,4	31,13	23,18	40,6	27,155	6,02231E-05	6,13575E-05
84	9,1	34,42	25,73	49,7	30,075	6,46372E-05	6,59025E-05
78	18,4	27,44	21,5	51,8	24,47	8,65199E-05	0,000059085
76	19,4	27,04	14,93	59,7	20,985	6,70888E-05	6,59025E-05
77	19,6	27,3	21,75	60,8	24,525	9,25772E-05	0,000086355
86	4,8	87,6	23,38	63,4	55,49	0,000116065	0,000077265
81	13,5	25,33	41,42	76,5	33,375	0,000118088	0,000086355
89	13,7	33,25	25,65	82,2	29,45	9,33085E-05	8,63636E-05
87	13,3	52,05	26,72	111,6	39,385	0,000162011	0,000120443
85	14,3	44,15	25,43	118,8	34,79	0,000135917	0,000131805
91	11,8	62,56	25,11	131,4	43,835	0,000178055	0,000136364
92	14,3	43,6	32,52	139,8	38,06	0,000162669	0,000145455
90	13,4	65,02	31,55	148,1	48,285	0,000245335	0,00019998
88	16,6	57,52	28,2	202,2	42,86	0,000239465	0,000202273
93	9,2	165	41	419,1	103	0,000766465	0,000468135
